Frame
Meas::i2
,X,Y,Z
Translation (mm),-2381.68,-933.52,-498.58
Rotation (deg),-1.3045,-11.9347,13.8753
X Axis,0.949834,0.234626,0.206797
Y Axis,-0.235178,0.971697,-0.022274
Z Axis,-0.206170,-0.027478,0.978130

Frame
Meas::i3
,X,Y,Z
Translation (mm),-2414.35,-926.75,-422.83
Rotation (deg),5.9240,-11.1777,-25.8732
X Axis,0.882694,-0.428103,0.193852
Y Axis,0.416049,0.903688,0.101251
Z Axis,-0.218528,-0.008722,0.975792

Frame
Meas::i4
,X,Y,Z
Translation (mm),-2405.20,-780.56,-236.07
Rotation (deg),-11.3654,-11.2020,-25.5828
X Axis,0.884778,-0.423589,0.194269
Y Axis,0.457878,0.867744,-0.193310
Z Axis,-0.086692,0.259988,0.961712

Frame
Meas::i5
,X,Y,Z
Translation (mm),-2358.14,-690.17,-391.47
Rotation (deg),-11.4017,-11.2180,-25.5562
X Axis,0.884926,-0.423154,0.194542
Y Axis,0.457579,0.867768,-0.193910
Z Axis,-0.086764,0.260614,0.961536

Frame
Meas::i6
,X,Y,Z
Translation (mm),-2391.41,-555.58,-331.73
Rotation (deg),-3.2311,-10.8079,-9.2853
X Axis,0.969391,-0.158489,0.187516
Y Axis,0.171525,0.983623,-0.055364
Z Axis,-0.175671,0.085833,0.980700

Frame
Meas::i7
,X,Y,Z
Translation (mm),-2306.01,-727.08,-588.58
Rotation (deg),-3.2500,-10.7741,-9.2337
X Axis,0.969642,-0.157633,0.186937
Y Axis,0.170665,0.983754,-0.055694
Z Axis,-0.175120,0.085906,0.980792

Frame
Meas::i8
,X,Y,Z
Translation (mm),-2412.22,-381.51,-588.06
Rotation (deg),-3.2408,-10.8265,-9.2420
X Axis,0.969451,-0.157746,0.187835
Y Axis,0.170828,0.983735,-0.055527
Z Axis,-0.176021,0.085918,0.980630

Frame
Meas::i9
,X,Y,Z
Translation (mm),-2416.58,-404.95,-476.47
Rotation (deg),10.4985,-10.8193,-9.5226
X Axis,0.968689,-0.162496,0.187713
Y Axis,0.128936,0.975369,0.178970
Z Axis,-0.212171,-0.149164,0.965781

Frame
Meas::i10
,X,Y,Z
Translation (mm),-2444.99,-316.46,-340.36
Rotation (deg),10.5148,-10.8404,-9.5360
X Axis,0.968583,-0.162711,0.188073
Y Axis,0.129038,0.975308,0.179233
Z Axis,-0.212593,-0.149333,0.965663

Frame
Meas::i11
,X,Y,Z
Translation (mm),-2540.27,-317.50,-287.19
Rotation (deg),-7.0362,-11.4424,-9.3166
X Axis,0.967196,-0.158673,0.198383
Y Axis,0.184652,0.975443,-0.120061
Z Axis,-0.174460,0.152754,0.972743

Frame
Meas::i12
,X,Y,Z
Translation (mm),-2533.58,-300.34,-160.73
Rotation (deg),-8.2134,2.5312,9.2571
X Axis,0.986013,0.160709,-0.044163
Y Axis,-0.165443,0.975838,-0.142722
Z Axis,0.020159,0.148032,0.988777

Frame
Meas::i13
,X,Y,Z
Translation (mm),-2527.41,-223.67,-61.62
Rotation (deg),-8.2006,2.5238,9.2355
X Axis,0.986080,0.160336,-0.044034
Y Axis,-0.165051,0.975936,-0.142501
Z Axis,0.020126,0.147785,0.988815

Frame
Meas::i14
,X,Y,Z
Translation (mm),-2431.36,-421.87,9.26
Rotation (deg),-8.1707,2.5551,9.2263
X Axis,0.986081,0.160175,-0.044580
Y Axis,-0.164961,0.976027,-0.141981
Z Axis,0.020769,0.147359,0.988865

Frame
Meas::i15
,X,Y,Z
Translation (mm),-2336.71,-564.74,24.23
Rotation (deg),7.4961,5.7730,-8.1085
X Axis,0.984982,-0.140332,-0.100587
Y Axis,0.152833,0.979691,0.129797
Z Axis,0.080330,-0.143221,0.986425

Frame
Meas::i16
,X,Y,Z
Translation (mm),-2358.93,-489.87,-64.49
Rotation (deg),7.4867,5.7632,-8.0859
X Axis,0.985054,-0.139946,-0.100417
Y Axis,0.152412,0.979778,0.129638
Z Axis,0.080244,-0.143005,0.986464

Frame
Meas::i17
,X,Y,Z
Translation (mm),-2303.12,-472.07,-377.96
Rotation (deg),7.4420,5.7641,-8.0348
X Axis,0.985177,-0.139068,-0.100433
Y Axis,0.151478,0.980024,0.128867
Z Axis,0.080505,-0.142170,0.986563

Frame
Meas::i18
,X,Y,Z
Translation (mm),-2159.17,-959.62,-151.92
Rotation (deg),30.6049,0.3434,10.0630
X Axis,0.984598,0.174728,-0.005993
Y Axis,-0.147387,0.847991,0.509106
Z Axis,0.094038,-0.500382,0.860683

Frame
Meas::i19
,X,Y,Z
Translation (mm),-2464.94,-417.84,-181.22
Rotation (deg),-47.1426,0.4086,11.1658
X Axis,0.981046,0.193643,-0.007131
Y Axis,-0.136843,0.666289,-0.733030
Z Axis,-0.137195,0.720112,0.680159

Frame
Meas::i20
,X,Y,Z
Translation (mm),-2455.79,-415.39,56.45
Rotation (deg),-47.1321,0.4265,11.1358
X Axis,0.981145,0.193130,-0.007445
Y Axis,-0.136746,0.666448,-0.732904
Z Axis,-0.136584,0.720103,0.680291

Frame
Meas::i21
,X,Y,Z
Translation (mm),-2288.69,-364.07,57.79
Rotation (deg),-47.1603,0.4399,11.1482
X Axis,0.981101,0.193342,-0.007678
Y Axis,-0.136990,0.666031,-0.733237
Z Axis,-0.136652,0.720431,0.679930

Frame
Meas::i22
,X,Y,Z
Translation (mm),-2304.07,-372.41,165.41
Rotation (deg),-47.1282,0.4381,11.1439
X Axis,0.981116,0.193269,-0.007647
Y Axis,-0.136995,0.666449,-0.732856
Z Axis,-0.136542,0.720065,0.680341

Frame
Meas::i23
,X,Y,Z
Translation (mm),-2292.21,-439.98,196.74
Rotation (deg),-1.1645,-0.5458,11.1204
X Axis,0.981179,0.192863,0.009525
Y Axis,-0.192642,0.981059,-0.020322
Z Axis,-0.013264,0.018105,0.999748

Frame
Meas::i24
,X,Y,Z
Translation (mm),-2147.63,-909.99,195.81
Rotation (deg),-1.1130,-0.4858,11.1530
X Axis,0.981079,0.193422,0.008479
Y Axis,-0.193231,0.980961,-0.019424
Z Axis,-0.012075,0.017418,0.999775

Frame
Meas::i25
,X,Y,Z
Translation (mm),-2423.42,-994.23,-120.65
Rotation (deg),-1.0950,-0.4894,11.1361
X Axis,0.981135,0.193134,0.008542
Y Axis,-0.192945,0.981023,-0.019110
Z Axis,-0.012070,0.017102,0.999781

Frame
Meas::i26
,X,Y,Z
Translation (mm),-2506.45,-724.79,-120.25
Rotation (deg),-1.1479,-0.4894,11.1248
X Axis,0.981174,0.192939,0.008541
Y Axis,-0.192740,0.981045,-0.020032
Z Axis,-0.012244,0.018008,0.999763

Frame
Meas::i27
,X,Y,Z
Translation (mm),-2552.96,-628.03,-181.89
Rotation (deg),-57.5823,13.0805,34.2126
X Axis,0.805500,0.547677,-0.226320
Y Axis,-0.459414,0.335899,-0.822259
Z Axis,-0.374311,0.766304,0.522177

Frame
Meas::i28
,X,Y,Z
Translation (mm),-2490.93,-478.14,-390.58
Rotation (deg),-57.5830,13.1013,34.2236
X Axis,0.805327,0.547785,-0.226673
Y Axis,-0.459721,0.335635,-0.822196
Z Axis,-0.374308,0.766342,0.522124

Frame
Meas::i29
,X,Y,Z
Translation (mm),-2430.66,-673.08,-438.26
Rotation (deg),-57.6017,13.1213,34.2131
X Axis,0.805361,0.547593,-0.227014
Y Axis,-0.459775,0.335308,-0.822299
Z Axis,-0.374166,0.766623,0.521813

Frame
Meas::i30
,X,Y,Z
Translation (mm),-2420.41,-715.40,-116.99
Rotation (deg),-57.5893,13.1097,34.2112
X Axis,0.805418,0.547592,-0.226816
Y Axis,-0.459706,0.335582,-0.822225
Z Axis,-0.374128,0.766504,0.522015

Frame
Meas::i31
,X,Y,Z
Translation (mm),-2565.93,-1021.89,-36.66
Rotation (deg),25.4133,16.4591,25.8846
X Axis,0.862808,0.418671,-0.283332
Y Axis,-0.284925,0.865700,0.411559
Z Axis,0.417588,-0.274368,0.866223

Frame
Meas::i32
,X,Y,Z
Translation (mm),-2653.74,-860.10,176.32
Rotation (deg),-30.6063,2.6272,15.5165
X Axis,0.962541,0.267235,-0.045838
Y Axis,-0.252734,0.823073,-0.508602
Z Axis,-0.098188,0.501134,0.859781

Frame
Meas::i33
,X,Y,Z
Translation (mm),-2595.20,-615.32,226.52
Rotation (deg),58.7357,16.9934,25.8983
X Axis,0.860294,0.417704,-0.292262
Y Axis,-0.001949,0.575981,0.817461
Z Axis,0.509794,-0.702687,0.496327

Frame
Meas::i34
,X,Y,Z
Translation (mm),-2493.65,-929.50,350.49
Rotation (deg),6.9443,22.6803,0.2630
X Axis,0.922661,0.004235,-0.385588
Y Axis,0.042063,0.992868,0.111555
Z Axis,0.383310,-0.119146,0.915902

Frame
Meas::i35
,X,Y,Z
Translation (mm),-2302.01,-577.71,-62.86
Rotation (deg),12.4475,12.5436,25.6887
X Axis,0.879653,0.423135,-0.217182
Y Axis,-0.381107,0.900272,0.210399
Z Axis,0.284550,-0.102309,0.953186

Frame
Meas::i36
,X,Y,Z
Translation (mm),-2237.82,-680.51,-307.66
Rotation (deg),16.4421,27.2914,29.9311
X Axis,0.770159,0.443417,-0.458516
Y Axis,-0.366082,0.895942,0.251539
Z Axis,0.522340,-0.025871,0.852345

Frame
Meas::i37
,X,Y,Z
Translation (mm),-2770.18,-725.48,-41.71
Rotation (deg),29.8518,-16.5792,10.0254
X Axis,0.943792,0.166847,0.285341
Y Axis,-0.290848,0.829347,0.477065
Z Axis,-0.157050,-0.533241,0.831258

Frame
Meas::i38
,X,Y,Z
Translation (mm),-2690.11,-987.92,97.77
Rotation (deg),29.9260,-16.5498,9.9948
X Axis,0.944025,0.166369,0.284849
Y Axis,-0.290368,0.828853,0.478214
Z Axis,-0.156538,-0.534157,0.830766

Frame
Meas::i39
,X,Y,Z
Translation (mm),-2504.06,-986.23,-12.48
Rotation (deg),8.8142,23.5457,-13.7272
X Axis,0.890557,-0.217541,-0.399481
Y Axis,0.293961,0.945439,0.140474
Z Axis,0.347126,-0.242531,0.905915

Frame
Meas::i40
,X,Y,Z
Translation (mm),-2520.86,-781.69,-185.46
Rotation (deg),15.7223,22.0026,14.2033
X Axis,0.898825,0.227492,-0.374648
Y Axis,-0.137765,0.958071,0.251239
Z Axis,0.416095,-0.174206,0.892478

Frame
Meas::i41
,X,Y,Z
Translation (mm),-2499.74,-1141.29,-0.15
Rotation (deg),2.2217,16.5073,26.7762
X Axis,0.855976,0.431939,-0.284138
Y Axis,-0.440335,0.897064,0.037168
Z Axis,0.270944,0.093301,0.958063

Frame
Meas::i42
,X,Y,Z
Translation (mm),-2496.77,-1139.50,-417.74
Rotation (deg),2.1956,16.5028,26.8063
X Axis,0.855769,0.432398,-0.284062
Y Axis,-0.440931,0.896789,0.036733
Z Axis,0.270627,0.093817,0.958102

Frame
Meas::i43
,X,Y,Z
Translation (mm),-2326.87,-1075.20,-628.73
Rotation (deg),2.1917,16.4947,26.8327
X Axis,0.855605,0.432811,-0.283926
Y Axis,-0.441368,0.896577,0.036670
Z Axis,0.270433,0.093941,0.958145

Frame
Meas::i44
,X,Y,Z
Translation (mm),-2499.76,-513.14,-627.79
Rotation (deg),2.0752,16.4640,26.7697
X Axis,0.856217,0.431938,-0.283413
Y Axis,-0.440947,0.896861,0.034726
Z Axis,0.269182,0.095238,0.958369

Frame
Meas::i45
,X,Y,Z
Translation (mm),-2508.63,-516.61,-138.56
Rotation (deg),2.1231,16.4453,26.8102
X Axis,0.855993,0.432585,-0.283100
Y Axis,-0.441366,0.896623,0.035531
Z Axis,0.269204,0.094537,0.958432

Frame
Meas::i46
,X,Y,Z
Translation (mm),-2367.50,-975.79,-139.43
Rotation (deg),2.2490,16.4809,26.9079
X Axis,0.855097,0.433965,-0.283695
Y Axis,-0.442282,0.896086,0.037630
Z Axis,0.270546,0.093296,0.958176

Frame
Meas::i47
,X,Y,Z
Translation (mm),-2378.66,-1000.37,-134.05
Rotation (deg),20.7081,8.8365,34.2972
X Axis,0.816320,0.556798,-0.153615
Y Axis,-0.482207,0.803361,0.349410
Z Axis,0.317959,-0.211156,0.924292

Frame
Meas::i48
,X,Y,Z
Translation (mm),-2580.95,-699.01,1.40
Rotation (deg),20.7008,8.7815,34.2666
X Axis,0.816740,0.556444,-0.152667
Y Axis,-0.482094,0.803458,0.349344
Z Axis,0.317051,-0.211723,0.924474

Frame
Meas::i49
,X,Y,Z
Translation (mm),-2439.76,-655.21,-302.30
Rotation (deg),20.6939,8.7936,34.2614
X Axis,0.816763,0.556351,-0.152876
Y Axis,-0.481999,0.803568,0.349221
Z Axis,0.317136,-0.211545,0.924486

Frame
Meas::i50
,X,Y,Z
Translation (mm),-2277.63,-931.83,-113.87
Rotation (deg),58.8070,9.2609,33.7768
X Axis,0.820376,0.548712,-0.160930
Y Axis,-0.173516,0.507038,0.844278
Z Axis,0.544863,-0.664701,0.511172

